MSE: 0.180418
MSE: 0.180232
MSE: 0.180381
